4.999999999928579200e+04
4.999999999795102485e+04
4.999999999416274659e+04
4.999999998390466499e+04
4.999999995702307933e+04
4.999999988878364093e+04
4.999999972090366646e+04
4.999999932059086859e+04
4.999999839476457419e+04
4.999999631701908947e+04
4.999999178955458774e+04
4.999998219945641904e+04
4.999996239989336027e+04
4.999992211448417947e+04
4.999983840110747406e+04
4.999964329930015811e+04
4.999907785879349103e+04
4.999715412798564648e+04
4.999042296237583651e+04
4.996780547550781921e+04
4.989676191854219360e+04
4.969330410742639651e+04
4.918131469045930135e+04
4.812603828448151762e+04
4.655998731775950000e+04
4.546584728778501449e+04
4.522430572884550202e+04
4.501386673658280051e+04
4.482207594035480724e+04
4.464275408014744607e+04
4.446521939239796484e+04
4.429041219141364854e+04
4.413270588568795938e+04
4.399801270737106097e+04
4.387062134544122091e+04
4.373112634758633067e+04
4.357171364361380984e+04
4.339587315906475123e+04
4.321191818311531097e+04
4.302620360859756329e+04
4.283871115833664226e+04
4.264740006506348436e+04
4.245283760711293144e+04
4.225621136219091568e+04
4.205897081914096634e+04
4.186036411869780568e+04
4.165901631079399522e+04
4.145467507676035166e+04
4.124749833076300274e+04
4.103760225506496499e+04
4.082394981601561449e+04
4.060573878832784249e+04
4.038237246706457518e+04
4.015334462331203395e+04
3.991798718896962237e+04
3.967611643600454408e+04
3.942725425458078098e+04
3.917141584777493699e+04
3.890932183098386304e+04
3.864080824903347093e+04
3.836609253260257537e+04
3.808396358997160860e+04
3.779437256728043576e+04
3.749821882739345165e+04
3.719650285187699774e+04
3.689076767427647428e+04
3.658033075170828670e+04
3.626378464569481730e+04
3.594173542802464362e+04
3.561327852823787543e+04
3.527848532041242288e+04
3.493720598317199619e+04
3.458981006713760871e+04
3.423651153782547772e+04
3.387840551143141784e+04
3.351747977630400419e+04
3.315437315512564237e+04
3.278926842452636629e+04
3.242322635665100097e+04
3.205731140852363751e+04
3.169283044633115787e+04
3.132974196449350347e+04
3.096772909753336717e+04
3.060653406672380152e+04
3.024659676151023450e+04
2.988692510855618093e+04
2.952730361103494579e+04
2.916681406304140182e+04
2.880480006940276508e+04
2.844052560688043013e+04
2.807211232000996097e+04
2.769868712952549322e+04
2.731942944360728143e+04
2.693310583076198964e+04
2.653827812197284220e+04
2.613252659546063296e+04
2.571388798532955843e+04
2.528264502362636267e+04
2.483940922354547729e+04
2.438581829874293544e+04
2.392472338597231283e+04
2.345812835707293561e+04
2.298795895411702804e+04
2.251817479152172746e+04
2.205262130737255211e+04
2.159594173790846980e+04
2.115013288092043513e+04
2.072042152163436185e+04
2.029764910823244281e+04
1.988436461801323458e+04
1.947695112929978131e+04
1.907363868614726744e+04
1.867123818871276308e+04
1.827146579854975425e+04
1.787259289779709070e+04
1.747755141103190545e+04
1.708897702528549780e+04
1.670218996948692075e+04
1.632459494072407142e+04
1.594589173334218140e+04
1.557825825067221376e+04
1.520563296688292940e+04
1.484984773333081102e+04
1.448646506437223434e+04
1.414345171702461084e+04
1.378419252971062087e+04
1.345516206102088290e+04
1.309646667983511179e+04
1.278219550766492102e+04
1.242388974622255409e+04
1.213260553273381447e+04
1.176932954410210186e+04
1.154917433322596480e+04
1.122493966898700455e+04
1.141395353339820213e+04
3.122765617214294616e+04
1.693328029182718310e+05
1.265610001004611331e+04
9.227093347349135729e+04
1.157952039203131062e+04
1.933798104563528250e+04
1.492980192297889444e+05
1.185233028662337165e+04
1.626620404989351482e+04
1.575476131782656012e+05
1.465222229459546725e+04
7.175869787840695062e+04
1.781604770182600187e+05
1.208969195649907488e+04
1.330784824864741677e+04
3.768187036580201675e+04
1.399773195151082109e+04
1.278521781261585056e+04
1.278712509372957902e+04
1.335964772830542643e+04
1.497091760846783291e+04
1.357382971699164409e+04
1.355356697246213844e+04
1.343423182277046544e+04
1.299253956198603919e+04
1.252537326309810851e+04
1.220161782834147925e+04
1.169737323471365380e+04
1.120097902209453605e+04
1.081686462758994639e+04
1.051681779593346437e+04
1.013842093694391224e+04
9.859821367127244230e+03
9.530449527838256472e+03
9.332639738942219992e+03
9.007698304648793055e+03
8.943521784056065371e+03
8.649303572942695610e+03
8.733820607847253996e+03
8.397085586297351256e+03
1.465960517505090320e+04
3.061300409136098251e+07
1.237220923834417408e+04
1.515402160743506684e+05
1.229326405628652312e+07
1.143775726675412079e+04
2.061242217031034641e+06
4.421918879828472622e+06
6.226279781660443405e+04
1.177363039326121472e+07
1.134589376075441942e+04
4.867401629492931068e+06
4.264953878128767945e+06
1.044367889737902442e+04
3.281226836848437233e+04
2.616983893054280430e+06
5.431988850561410654e+05
3.350631082903203787e+04
1.451932967971142898e+04
1.267675707150718881e+04
1.264898309748457723e+04
1.385308893116823856e+04
1.736192391700866210e+04
2.758880162172948621e+04
2.145488543282528917e+04
